object={
	name="rock_salt_generator_1_0"
	clamp_to_water_level=no
	render_under_water=no
	generated_content=yes
	layer="tree_high_layer"
	pdxmesh="rock_salt_02_mesh"
	count=1
	transform="2600.174072 0.000000 1125.564697 0.000000 0.016224 0.000000 0.999868 1.000000 1.000000 1.000000
"}
object={
	name="rock_salt_generator_1_1"
	clamp_to_water_level=no
	render_under_water=no
	generated_content=yes
	layer="tree_high_layer"
	pdxmesh="rock_salt_03_mesh"
	count=4
	transform="2599.534912 0.000000 1127.173462 0.000000 0.282883 0.000000 0.959154 1.000000 1.000000 1.000000
2601.101562 0.000000 1122.167358 0.000000 0.193713 0.000000 0.981058 1.000000 1.000000 1.000000
2599.256104 0.000000 1115.795288 0.000000 0.665223 0.000000 0.746645 1.000000 1.000000 1.000000
2599.176758 0.000000 1129.519287 0.000000 0.437455 0.000000 0.899240 1.000000 1.000000 1.000000
"}
object={
	name="rock_salt_generator_1_2"
	clamp_to_water_level=no
	render_under_water=no
	generated_content=yes
	layer="tree_high_layer"
	pdxmesh="rock_salt_04_mesh"
	count=2
	transform="2605.825439 0.000000 1118.020752 0.000000 0.946696 0.000000 0.322129 1.000000 1.000000 1.000000
2601.046631 0.000000 1131.258057 0.000000 0.941527 0.000000 0.336936 1.000000 1.000000 1.000000
"}
object={
	name="rock_salt_generator_1_3"
	clamp_to_water_level=no
	render_under_water=no
	generated_content=yes
	layer="tree_high_layer"
	pdxmesh="rock_salt_05_mesh"
	count=2
	transform="2596.149414 0.000000 1127.480713 0.000000 0.993764 0.000000 -0.111500 1.000000 1.000000 1.000000
2601.386719 0.000000 1126.795654 0.000000 0.971753 0.000000 -0.236002 1.000000 1.000000 1.000000
"}
object={
	name="rock_salt_generator_1_4"
	clamp_to_water_level=no
	render_under_water=no
	generated_content=yes
	layer="tree_high_layer"
	pdxmesh="rock_salt_06_mesh"
	count=9
	transform="2597.035645 0.000000 1120.864746 0.000000 0.848925 0.000000 -0.528514 1.000000 1.000000 1.000000
2599.615479 0.000000 1113.318115 0.000000 0.885520 0.000000 -0.464602 1.000000 1.000000 1.000000
2604.903320 0.000000 1124.123901 0.000000 0.467374 0.000000 -0.884060 1.000000 1.000000 1.000000
2600.846436 0.000000 1117.889038 0.000000 0.767298 0.000000 -0.641291 1.000000 1.000000 1.000000
2603.489502 0.000000 1127.812988 0.000000 0.440479 0.000000 -0.897763 1.000000 1.000000 1.000000
2599.118164 0.000000 1124.291260 0.000000 0.606222 0.000000 -0.795295 1.000000 1.000000 1.000000
2598.484619 0.000000 1118.809448 0.000000 0.424672 0.000000 -0.905347 1.000000 1.000000 1.000000
2599.220215 0.000000 1121.035767 0.000000 0.733965 0.000000 -0.679187 1.000000 1.000000 1.000000
1953.554932 0.000000 3220.130615 0.000000 0.670893 0.000000 -0.741554 1.000000 1.000000 1.000000
"}
object={
	name="rock_salt_generator_1_5"
	clamp_to_water_level=no
	render_under_water=no
	generated_content=yes
	layer="tree_high_layer"
	pdxmesh="rock_salt_07_mesh"
	count=4
	transform="2602.104980 0.000000 1125.068237 0.000000 0.297141 0.000000 -0.954834 1.000000 1.000000 1.000000
2601.332764 0.000000 1128.798462 0.000000 0.314636 0.000000 -0.949212 1.000000 1.000000 1.000000
2598.312988 0.000000 1126.966431 0.000000 0.184494 0.000000 -0.982834 1.000000 1.000000 1.000000
1949.391479 0.000000 3218.632812 0.000000 0.416541 0.000000 -0.909117 1.000000 1.000000 1.000000
"}
