object={
	name="new_mapobject_1"
	clamp_to_water_level=no
	render_under_water=no
	generated_content=no
	layer="building_layer"
	pdxmesh="building_mediterranean_city_02_mesh"
	count=55
	transform="1658.482788 0.000000 1990.205566 0.000000 0.000000 0.000000 1.000000 1.000000 1.000000 1.000000
1663.375854 0.000000 1986.499878 0.000000 0.665444 0.000000 0.746448 1.000000 1.000000 1.000000
1658.222900 0.000000 1985.087524 0.000000 0.930822 0.000000 0.365473 1.000000 1.000000 1.000000
1664.819946 0.000000 1974.918091 0.000000 0.000000 0.000000 1.000000 1.000000 1.000000 1.000000
1669.838135 0.000000 1974.653809 0.000000 0.840398 0.000000 0.541970 1.000000 1.000000 1.000000
1667.076416 0.000000 1979.038940 0.000000 -0.228523 0.000000 0.973539 1.000000 1.000000 1.000000
1666.366089 0.000000 1999.493286 0.000000 0.935322 0.000000 0.353798 1.000000 1.000000 1.000000
1660.223145 0.000000 1997.341675 0.000000 0.000000 0.000000 1.000000 1.000000 1.000000 1.000000
1662.173828 0.000000 2002.040771 0.000000 -0.606311 0.000000 0.795228 1.000000 1.000000 1.000000
1655.348022 0.000000 1980.637817 0.000000 0.995199 0.000000 -0.097870 1.000000 1.000000 1.000000
1653.755981 0.000000 1986.716797 0.000000 -0.980346 0.000000 0.197286 1.000000 1.000000 1.000000
1679.192505 0.000000 1985.217529 0.000000 0.000000 0.000000 1.000000 1.000000 1.000000 1.000000
1678.284302 0.000000 1996.170898 0.000000 0.695996 0.000000 0.718046 1.000000 1.000000 1.000000
1674.835327 0.000000 1999.142334 0.000000 0.186448 0.000000 0.982465 1.000000 1.000000 1.000000
1462.354614 0.000000 2263.866455 0.000000 -0.734898 0.000000 0.678178 1.000000 1.000000 1.000000
1472.747314 0.000000 2266.467041 0.000000 0.975631 0.000000 0.219418 1.000000 1.000000 1.000000
1467.715820 0.000000 2255.810059 0.000000 -0.659581 0.000000 0.751634 1.000000 1.000000 1.000000
1472.658569 0.000000 2257.723145 0.000000 0.773593 0.000000 0.633683 1.000000 1.000000 1.000000
1463.107666 0.000000 2258.235840 0.000000 0.666923 0.000000 0.745126 1.000000 1.000000 1.000000
1636.638916 0.000000 2170.289307 0.000000 0.000000 0.000000 1.000000 1.000000 1.000000 1.000000
1632.436279 0.000000 2174.474365 0.000000 0.625471 0.000000 0.780247 1.000000 1.000000 1.000000
1642.400513 0.000000 2181.156738 0.000000 0.171150 0.000000 0.985245 1.000000 1.000000 1.000000
1641.119385 0.000000 2187.498535 0.000000 -0.960356 0.000000 -0.278778 1.000000 1.000000 1.000000
1641.721069 0.000000 2171.099609 0.000000 -0.249311 0.000000 0.968424 1.000000 1.000000 1.000000
1779.363770 0.000000 1908.735229 0.000000 0.000000 0.000000 1.000000 1.000000 1.000000 1.000000
1783.976685 0.000000 1912.915649 0.000000 0.893962 0.000000 0.448143 1.000000 1.000000 1.000000
1779.086304 0.000000 1915.499390 0.000000 -0.646523 0.000000 0.762894 1.000000 1.000000 1.000000
1788.617188 0.000000 1900.713867 0.000000 0.000000 0.000000 1.000000 1.000000 1.000000 1.000000
1793.263306 0.000000 1905.711060 0.000000 0.999006 0.000000 0.044582 1.000000 1.000000 1.000000
2659.402100 0.000000 1297.555908 0.000000 0.000000 0.000000 1.000000 1.000000 1.000000 1.000000
2660.781250 0.000000 1303.740356 0.000000 0.983660 0.000000 0.180039 1.000000 1.000000 1.000000
2655.714355 0.000000 1302.169556 0.000000 -0.991234 0.000000 0.132115 1.000000 1.000000 1.000000
2654.329102 0.000000 1295.027832 0.000000 0.473415 0.000000 0.880839 1.000000 1.000000 1.000000
2659.352051 0.000000 1291.855347 0.000000 0.997132 0.000000 -0.075677 1.000000 1.000000 1.000000
2664.623779 0.000000 1293.291870 0.000000 0.000000 0.000000 1.000000 1.000000 1.000000 1.000000
2670.024414 0.000000 1294.244751 0.000000 -0.988410 0.000000 0.151811 1.000000 1.000000 1.000000
2672.515381 0.000000 1312.904907 0.000000 0.000000 0.000000 1.000000 1.000000 1.000000 1.000000
2674.834473 0.000000 1308.072266 0.000000 0.951400 0.000000 0.307957 1.000000 1.000000 1.000000
2679.001221 0.000000 1299.622559 0.000000 -0.995146 0.000000 0.098408 1.000000 1.000000 1.000000
2274.023438 0.000000 1897.504639 0.000000 0.000000 0.000000 1.000000 1.000000 1.000000 1.000000
2279.616211 0.000000 1899.148560 0.000000 0.838341 0.000000 0.545147 1.000000 1.000000 1.000000
2283.450195 0.000000 1907.282715 0.000000 0.000000 0.000000 1.000000 1.000000 1.000000 1.000000
2281.837158 0.000000 1913.609497 0.000000 -0.793832 0.000000 0.608138 1.000000 1.000000 1.000000
2277.857910 0.000000 1916.278687 0.000000 0.960158 0.000000 0.279458 1.000000 1.000000 1.000000
2279.069580 0.000000 1904.269409 0.000000 -0.821212 0.000000 0.570623 1.000000 1.000000 1.000000
2283.902344 0.000000 1902.719482 0.000000 0.991387 0.000000 0.130966 1.000000 1.000000 1.000000
2273.175781 0.000000 1916.927734 0.000000 -0.603114 0.000000 0.797655 1.000000 1.000000 1.000000
2996.374512 0.000000 1636.062134 0.000000 0.000000 0.000000 1.000000 1.000000 1.000000 1.000000
2993.068848 0.000000 1641.370605 0.000000 0.764483 0.000000 0.644644 1.000000 1.000000 1.000000
3003.885742 0.000000 1645.979614 0.000000 0.532683 0.000000 0.846315 1.000000 1.000000 1.000000
3004.393066 0.000000 1640.312622 0.000000 -0.824230 0.000000 0.566255 1.000000 1.000000 1.000000
1267.798462 0.000000 2112.858887 0.000000 0.000000 0.000000 1.000000 1.000000 1.000000 1.000000
1255.536621 0.000000 2116.550049 0.000000 -0.480470 0.000000 0.877011 1.000000 1.000000 1.000000
1262.896362 0.000000 2109.746338 0.000000 0.613554 0.000000 0.789653 1.000000 1.000000 1.000000
1257.368042 0.000000 2110.876221 0.000000 -0.988296 0.000000 0.152550 1.000000 1.000000 1.000000
"}
