object={
	name="new_mapobject_13"
	clamp_to_water_level=no
	render_under_water=no
	generated_content=no
	layer="activities_layer"
	pdxmesh="fp3_building_persian_city_01_a_01_mesh"
	count=5
	transform="3411.348877 0.000000 1542.268921 0.000000 0.000000 0.000000 1.000000 0.485425 0.485425 0.485425
3409.684082 0.000000 1538.677856 0.000000 0.713894 0.000000 0.700253 0.547852 0.547852 0.547852
3413.961182 0.000000 1541.818115 0.000000 0.996987 0.000000 -0.077563 0.505493 0.505493 0.505493
3407.535645 0.000000 1547.985718 0.000000 0.000000 0.000000 1.000000 0.424072 0.424072 0.424072
3403.670166 0.000000 1547.194092 0.000000 0.920589 0.000000 0.390533 0.478186 0.478186 0.478186
"}
