object={
	name="new_mapobject_7_variant_1"
	clamp_to_water_level=yes
	render_under_water=no
	generated_content=no
	layer="building_layer"
	pdxmesh="building_mediterranean_temple_pagan_01_a_mesh"
	count=6
	transform="1663.002441 0.000000 1992.465942 0.000000 -0.707205 0.000000 0.707008 1.000000 1.000000 1.000000
1660.479492 0.000000 1981.218140 0.000000 0.381077 0.000000 0.924543 1.000000 1.000000 1.000000
1644.332764 0.000000 2175.760742 0.000000 0.000000 0.000000 1.000000 1.000000 1.000000 1.000000
1789.835327 0.000000 1905.441895 0.000000 0.000000 0.000000 1.000000 1.000000 1.000000 1.000000
2269.835693 0.000000 1899.262573 0.000000 -0.605546 0.000000 0.795810 1.000000 1.000000 1.000000
3000.361816 0.000000 1637.295288 0.000000 0.569850 0.000000 0.821749 1.000000 1.000000 1.000000
"}
