object={
	name="new_mapobject_7"
	clamp_to_water_level=no
	render_under_water=no
	generated_content=no
	layer="building_layer"
	pdxmesh="building_mediterranean_temple_pagan_01_a_mesh"
	count=5
	transform="1670.509766 0.000000 1979.121094 0.000000 0.939383 0.000000 0.342871 1.000000 1.000000 1.000000
1673.928833 0.000000 1993.995483 0.000000 0.163358 0.000000 0.986567 1.000000 1.000000 1.000000
2667.026855 0.000000 1312.733154 0.000000 0.410863 0.000000 0.911697 1.000000 1.000000 1.000000
2651.978027 0.000000 1301.181641 0.000000 0.997439 0.000000 0.071529 1.000000 1.000000 1.000000
1258.731934 0.000000 2120.515137 0.000000 0.451649 0.000000 0.892196 1.000000 1.000000 1.000000
"}
