object={
	name="new_mapobject_8"
	clamp_to_water_level=yes
	render_under_water=no
	generated_content=no
	layer="building_layer"
	pdxmesh="building_mediterranean_temple_pagan_01_b_mesh"
	count=5
	transform="1663.651001 0.000000 1995.552368 0.000000 -0.306596 0.000000 0.951840 1.000000 1.000000 1.000000
1464.812012 0.000000 2267.224365 0.000000 -0.326815 0.000000 0.945088 1.000000 1.000000 1.000000
1788.547119 0.000000 1910.101318 0.000000 0.608698 0.000000 0.793402 1.000000 1.000000 1.000000
2676.206543 0.000000 1302.979614 0.000000 0.566334 0.000000 0.824176 1.000000 1.000000 1.000000
2273.499512 0.000000 1913.110596 0.000000 0.156549 0.000000 0.987670 1.000000 1.000000 1.000000
"}
