object={
	name="Divochy Skely"
	clamp_to_water_level=no
	render_under_water=no
	generated_content=no
	layer="building_layer"
	pdxmesh="maiden_rocks_decal_mesh"
	count=1
	transform="2266.232422 0.000000 2636.677246 0.000000 -0.943457 0.000000 0.331494 0.795053 0.795053 0.795053
"}
object={
	name="terrain decal basalt 01"
	clamp_to_water_level=no
	render_under_water=no
	generated_content=no
	layer="building_layer"
	pdxmesh="basalt_01_mesh"
	count=3
	transform="516.790649 0.000000 1341.752686 0.000000 -0.261725 0.000000 0.965143 1.000000 1.000000 1.000000
504.365021 0.000000 1341.069946 0.000000 -0.585886 0.000000 0.810394 0.985803 0.985803 0.985803
3970.912842 0.000000 1841.729858 0.000000 -0.328444 0.000000 0.944523 0.931519 0.931519 0.931519
"}
object={
	name="terrain decal basalt 02"
	clamp_to_water_level=no
	render_under_water=yes
	generated_content=no
	layer="building_layer"
	pdxmesh="basalt_02_mesh"
	count=5
	transform="313.683258 0.000000 3776.354980 0.000000 0.000000 0.000000 1.000000 1.000000 1.000000 1.000000
313.048004 0.000000 3776.843018 0.000000 -0.999983 0.000000 0.005885 1.000000 1.000000 1.000000
2869.217041 0.000000 2016.455322 0.000000 0.990510 0.000000 0.137438 0.762224 0.762224 0.762224
1080.832031 0.000000 2040.618896 0.000000 -0.321835 0.000000 0.946796 0.757129 0.757129 0.757129
1082.420654 0.000000 2042.141724 0.000000 -0.218812 0.000000 0.975767 0.757129 0.757129 0.757129
"}
object={
	name="terrain decal braided river 01"
	clamp_to_water_level=no
	render_under_water=no
	generated_content=no
	layer="building_layer"
	pdxmesh="braided_river_01_mesh"
	count=6
	transform="3451.903809 0.000000 1431.581299 0.000000 -0.957330 0.000000 0.288996 0.405094 0.405094 0.405094
3453.984131 0.000000 1441.984375 0.000000 -0.323098 0.000000 -0.946365 0.403676 0.403676 0.403676
3432.582275 0.000000 1507.123535 0.000000 -0.877936 0.000000 0.478779 0.347803 0.347803 0.347803
3460.302002 0.000000 1519.405884 0.000000 0.316108 0.000000 0.948723 0.451880 0.451880 0.451880
3381.367432 0.000000 1535.029175 0.000000 0.532941 0.000000 0.846152 0.391862 0.391862 0.391862
3429.406982 0.000000 1485.282471 0.000000 -0.437942 0.000000 0.899003 0.312146 0.312146 0.312146
"}
object={
	name="terrain decal granite 01"
	clamp_to_water_level=no
	render_under_water=no
	generated_content=no
	layer="building_layer"
	pdxmesh="granite_01_mesh"
	count=6
	transform="2613.366455 0.000000 2447.230957 0.000000 -0.657272 0.000000 0.753653 0.887376 0.887376 0.887376
2675.192627 0.000000 2398.229248 0.000000 -0.529062 0.000000 0.848583 1.000000 1.000000 1.000000
838.926636 0.000000 2083.379150 0.000000 -0.197709 0.000000 0.980261 1.000000 1.000000 1.000000
1663.457520 0.000000 2061.911377 0.000000 -0.977785 0.000000 0.209611 0.671802 0.671802 0.671802
1659.682373 0.000000 2044.729370 0.000000 -0.730297 0.000000 0.683130 0.822034 0.822034 0.822034
1659.155518 0.000000 2082.098389 0.000000 -0.029216 0.000000 0.999573 0.676392 0.676392 0.676392
"}
object={
	name="terrain decal granite 02"
	clamp_to_water_level=no
	render_under_water=no
	generated_content=no
	layer="building_layer"
	pdxmesh="granite_02_mesh"
	count=5
	transform="2612.156006 0.000000 2448.143799 0.000000 -0.652399 0.000000 -0.757876 0.802637 0.802637 0.802637
2675.600830 0.000000 2400.195801 0.000000 -0.531158 0.000000 0.847273 1.579785 1.579785 1.579785
913.805115 0.000000 2376.034180 0.000000 -0.317722 0.000000 0.948184 0.618164 0.618164 0.618164
1470.997559 0.000000 2490.676758 0.000000 0.981153 0.000000 0.193230 1.020902 1.020902 1.020902
1483.093872 0.000000 2519.687744 0.000000 -0.933435 0.000000 0.358746 0.764063 0.764063 0.764063
"}
object={
	name="terrain decal lichen 01"
	clamp_to_water_level=no
	render_under_water=no
	generated_content=no
	layer="building_layer"
	pdxmesh="lichen_01_mesh"
	count=4
	transform="699.218262 0.000000 3227.754150 0.000000 0.126173 0.000000 0.992008 0.573193 0.573193 0.573193
2366.134277 0.000000 2499.208740 0.000000 -0.855865 0.000000 0.517199 0.578017 0.578017 0.578017
1924.490112 0.000000 3184.181152 0.000000 0.157921 0.000000 0.987452 0.631885 0.631885 0.631885
1091.317749 0.000000 2045.397949 0.000000 0.833820 0.000000 0.552036 0.589428 0.589428 0.589428
"}
object={
	name="terrain decal lichen 02"
	clamp_to_water_level=no
	render_under_water=no
	generated_content=no
	layer="building_layer"
	pdxmesh="lichen_02_mesh"
	count=10
	transform="840.492554 0.000000 3218.326416 0.000000 0.373722 0.000000 0.927541 0.567310 0.567310 0.567310
698.630066 0.000000 3225.793701 0.000000 -0.779615 0.000000 0.626259 0.639795 0.639795 0.639795
764.802856 0.000000 2863.683594 0.000000 -0.325466 0.000000 0.945554 0.569873 0.569873 0.569873
763.969604 0.000000 2863.312256 0.000000 -0.681700 0.000000 0.731632 0.463940 0.463940 0.463940
2365.803467 0.000000 2500.044189 0.000000 -0.429528 0.000000 0.903054 0.718995 0.718995 0.718995
2367.341064 0.000000 2497.856689 0.000000 -0.980293 0.000000 -0.197549 0.623952 0.623952 0.623952
2251.017334 0.000000 2655.394531 0.000000 -0.288971 0.000000 0.957338 0.676855 0.676855 0.676855
1923.015747 0.000000 3186.818115 0.000000 0.448379 0.000000 0.893844 0.697183 0.697183 0.697183
1921.166626 0.000000 3183.501953 0.000000 -0.255423 0.000000 0.966829 0.616431 0.616431 0.616431
1080.021973 0.000000 2043.698364 0.000000 0.426218 0.000000 0.904621 0.653003 0.653003 0.653003
"}
object={
	name="terrain decal lichen 03"
	clamp_to_water_level=no
	render_under_water=no
	generated_content=no
	layer="building_layer"
	pdxmesh="lichen_03_mesh"
	count=3
	transform="698.478516 0.000000 3117.748291 0.000000 -0.051567 0.000000 0.998670 1.000000 1.000000 1.000000
837.142761 0.000000 2085.959961 0.000000 -0.975245 0.000000 0.221129 1.000000 1.000000 1.000000
2251.117676 0.000000 2656.037109 0.000000 -0.994545 0.000000 -0.104307 1.000000 1.000000 1.000000
"}
object={
	name="terrain decal limestone 01"
	clamp_to_water_level=no
	render_under_water=no
	generated_content=no
	layer="building_layer"
	pdxmesh="limestone_01_mesh"
	count=10
	transform="900.817993 0.000000 2732.832764 0.000000 -0.519760 0.000000 0.854312 0.743408 0.743408 0.743408
940.636292 0.000000 2734.932129 0.000000 -0.629618 0.000000 0.776905 0.673929 0.673929 0.673929
924.340088 0.000000 2735.372803 0.000000 -0.564843 0.000000 0.825199 0.617304 0.617304 0.617304
912.062927 0.000000 2733.875977 0.000000 -0.690624 0.000000 0.723214 0.609522 0.609522 0.609522
956.643799 0.000000 2730.012695 0.000000 -0.458083 0.000000 0.888909 0.644482 0.644482 0.644482
961.249695 0.000000 2729.186523 0.000000 -0.726144 -0.000000 -0.687542 0.639169 0.639169 0.639169
970.965210 0.000000 2732.354004 0.000000 -0.854335 0.000000 0.519723 0.452856 0.452856 0.452856
998.046509 0.000000 2738.628174 0.000000 -0.312328 0.000000 0.949974 0.614697 0.614697 0.614697
928.243835 0.000000 2735.280029 0.000000 0.772135 0.000000 0.635458 0.607617 0.607617 0.607617
900.184692 0.000000 2732.772461 0.000000 0.861189 0.000000 0.508284 0.618164 0.618164 0.618164
"}
object={
	name="terrain decal moss 01"
	clamp_to_water_level=no
	render_under_water=no
	generated_content=no
	layer="building_layer"
	pdxmesh="moss_01_mesh"
	count=5
	transform="453.438995 0.000000 2855.417480 0.000000 0.000000 0.000000 1.000000 0.526294 0.526294 0.526294
439.738983 0.000000 2870.979736 0.000000 0.370812 0.000000 0.928708 0.617163 0.617163 0.617163
2300.220459 0.000000 2674.579346 0.000000 -0.066510 0.000000 0.997785 1.453955 1.453955 1.453955
2276.413086 0.000000 2579.380371 0.000000 -0.632624 0.000000 0.774459 1.155347 1.155347 1.155347
2278.797607 0.000000 2573.999756 0.000000 0.759622 0.000000 0.650365 1.174145 1.174145 1.174145
"}
object={
	name="terrain decal moss 02"
	clamp_to_water_level=no
	render_under_water=no
	generated_content=no
	layer="building_layer"
	pdxmesh="moss_02_mesh"
	count=9
	transform="442.609741 0.000000 2883.437988 0.000000 0.565960 0.000000 0.824433 0.895850 0.895850 0.895850
440.337311 0.000000 2884.001465 0.000000 -0.616760 0.000000 0.787152 0.760815 0.760815 0.760815
551.686096 0.000000 3057.552246 0.000000 0.909770 0.000000 0.415112 0.709961 0.709961 0.709961
2728.302246 0.000000 2413.147705 0.000000 -0.233185 0.000000 0.972432 0.816531 0.816531 0.816531
2729.864502 0.000000 2416.631592 0.000000 -0.766956 0.000000 0.641699 1.250586 1.250586 1.250586
2555.183105 0.000000 2310.095459 0.000000 -0.572405 0.000000 0.819971 1.000000 1.000000 1.000000
2785.759033 0.000000 2368.993164 0.000000 0.984181 0.000000 -0.177165 0.880146 0.880146 0.880146
2267.411865 0.000000 2739.202393 0.000000 0.000000 0.000000 1.000000 2.730713 2.730713 2.730713
2283.999756 0.000000 2596.078125 0.000000 -0.999020 0.000000 0.044262 1.300250 1.300250 1.300250
"}
object={
	name="terrain decal mountain rocks desert 01"
	clamp_to_water_level=no
	render_under_water=no
	generated_content=no
	layer="building_layer"
	pdxmesh="mountain_rocks_01_mesh"
	count=13
	transform="3549.518311 0.000000 1593.978760 0.000000 0.816517 0.000000 0.577321 0.488897 0.488897 0.488897
3834.591797 0.000000 1314.595093 0.000000 0.353802 0.000000 0.935320 0.349907 0.349907 0.349907
3960.808594 0.000000 1343.986816 0.000000 -0.856086 0.000000 0.516833 0.470578 0.470578 0.470578
4441.621094 0.000000 1384.411377 0.000000 0.559574 0.000000 0.828780 0.383727 0.383727 0.383727
4483.691895 0.000000 1404.197388 0.000000 0.965438 0.000000 -0.260632 0.362012 0.362012 0.362012
4446.394043 0.000000 1375.272461 0.000000 -0.525847 0.000000 0.850579 0.363660 0.363660 0.363660
3163.793701 0.000000 1070.279663 0.000000 -0.995368 0.000000 -0.096139 0.394853 0.394853 0.394853
3147.060303 0.000000 1055.897949 0.000000 0.969716 0.000000 0.244234 0.439124 0.439124 0.439124
2937.938232 0.000000 904.318970 0.000000 -0.583041 0.000000 0.812443 0.333801 0.333801 0.333801
4508.064453 0.000000 1610.712158 0.000000 0.710295 0.000000 0.703904 0.603870 0.603870 0.603870
4464.265137 0.000000 1704.791626 0.000000 0.517098 0.000000 0.855926 0.429761 0.429761 0.429761
4473.829102 0.000000 1723.539551 0.000000 -0.517829 0.000000 0.855484 0.415076 0.415076 0.415076
4485.071289 0.000000 1599.854248 0.000000 0.867595 0.000000 -0.497272 0.502731 0.502731 0.502731
"}
object={
	name="terrain decal mountain rocks desert 02"
	clamp_to_water_level=no
	render_under_water=no
	generated_content=no
	layer="building_layer"
	pdxmesh="mountain_rocks_02_mesh"
	count=10
	transform="3517.385498 0.000000 1602.192261 0.000000 0.108641 0.000000 0.994081 0.399731 0.399731 0.399731
3798.397705 0.000000 1424.235962 0.000000 0.000000 0.000000 1.000000 0.302283 0.302283 0.302283
3467.218994 0.000000 1694.187622 0.000000 0.708036 0.000000 0.706177 0.430487 0.430487 0.430487
3504.422852 0.000000 1678.693726 0.000000 0.485406 0.000000 -0.874289 0.344470 0.344470 0.344470
2893.868652 0.000000 1202.994263 0.000000 0.050150 0.000000 0.998742 0.535751 0.535751 0.535751
3080.071289 0.000000 554.683105 0.000000 0.820405 0.000000 -0.571783 0.501559 0.501559 0.501559
3092.531250 0.000000 1080.269409 0.000000 -0.591317 0.000000 0.806440 0.496170 0.496170 0.496170
3222.435303 0.000000 1039.371704 0.000000 0.568244 0.000000 0.822860 0.421631 0.421631 0.421631
4080.903320 0.000000 1270.927124 0.000000 0.625864 0.000000 0.779932 0.384839 0.384839 0.384839
3581.535889 0.000000 1576.853149 0.000000 -0.484559 0.000000 0.874758 0.395649 0.395649 0.395649
"}
object={
	name="terrain decal valley desert 01"
	clamp_to_water_level=no
	render_under_water=yes
	generated_content=no
	layer="building_layer"
	pdxmesh="valley_01_mesh"
	count=17
	transform="2713.774658 0.000000 702.938660 0.000000 -0.029201 0.000000 0.999574 0.572330 0.572330 0.572330
2691.059326 0.000000 689.329651 0.000000 0.965457 0.000000 0.260564 0.552117 0.552117 0.552117
2600.410156 0.000000 532.270142 0.000000 -0.897620 -0.000000 -0.440770 0.524896 0.524896 0.524896
452.098816 0.000000 1198.692749 0.000000 -0.057570 0.000000 0.998342 0.591935 0.591935 0.591935
616.684387 0.000000 1333.496826 0.000000 0.722626 0.000000 0.691239 0.348783 0.348783 0.348783
4177.045898 0.000000 1548.634521 0.000000 0.597892 0.000000 0.801576 0.475415 0.475415 0.475415
4150.963379 0.000000 1498.033325 0.000000 0.368543 0.000000 0.929611 0.416333 0.416333 0.416333
4142.549805 0.000000 1509.045410 0.000000 -0.823971 0.000000 0.566632 0.391016 0.391016 0.391016
3973.811035 0.000000 1854.650024 0.000000 -0.980875 0.000000 0.194638 0.561133 0.561133 0.561133
5948.714844 0.000000 2186.711670 0.000000 0.343448 0.000000 0.939172 0.348315 0.348315 0.348315
5816.235840 0.000000 1840.798096 0.000000 0.999990 0.000000 0.004390 0.450317 0.450317 0.450317
5802.922852 0.000000 1841.183472 0.000000 0.000000 0.000000 1.000000 0.366113 0.366113 0.366113
2864.850342 0.000000 1218.845581 0.000000 -0.533896 0.000000 0.845550 0.244727 0.244727 0.244727
3617.769531 0.000000 668.513489 0.000000 -0.536242 0.000000 0.844064 0.200427 0.200427 0.200427
3582.509521 0.000000 1587.749146 0.000000 0.257326 0.000000 0.966325 0.313641 0.313641 0.313641
3573.688721 0.000000 1588.134155 0.000000 -0.159262 0.000000 0.987236 0.236792 0.236792 0.236792
4488.461914 0.000000 1400.328613 0.000000 0.561747 0.000000 0.827309 0.311637 0.311637 0.311637
"}
