object={
	name="basalt rock 01"
	clamp_to_water_level=no
	render_under_water=yes
	generated_content=no
	layer="tree_high_layer"
	pdxmesh="rocks_basalt_01_mesh"
	count=3
	transform="635.245667 0.000000 3100.688721 0.000000 -0.879244 0.000000 0.476372 1.000000 1.000000 1.000000
451.814270 0.000000 3885.489502 0.000000 0.856438 0.000000 -0.516249 1.000000 1.000000 1.000000
4961.236816 0.000000 643.284912 0.000000 -0.470725 0.000000 0.882280 1.000000 1.000000 1.000000
"}
object={
	name="basalt rock 02"
	clamp_to_water_level=no
	render_under_water=yes
	generated_content=no
	layer="tree_high_layer"
	pdxmesh="rocks_basalt_02_mesh"
	count=4
	transform="631.858215 0.000000 3101.027588 0.000000 -0.201044 0.000000 0.979582 1.000000 1.000000 1.000000
1842.099487 0.000000 1669.798706 0.000000 -0.566661 0.000000 0.823951 1.000000 1.000000 1.000000
645.965454 0.000000 3239.545410 0.000000 0.000000 0.000000 1.000000 1.000000 1.000000 1.000000
665.916382 0.000000 3224.430176 0.000000 0.000000 0.000000 1.000000 1.000000 1.000000 1.000000
"}
object={
	name="basalt rock 03"
	clamp_to_water_level=no
	render_under_water=yes
	generated_content=no
	layer="tree_high_layer"
	pdxmesh="rocks_basalt_03_mesh"
	count=6
	transform="634.456726 0.000000 3106.685547 0.000000 -0.969115 0.000000 0.246609 1.000000 1.000000 1.000000
631.260620 0.000000 3098.116211 0.000000 -0.444323 0.000000 0.895867 1.000000 1.000000 1.000000
1841.754517 0.000000 1667.993042 0.000000 0.713146 0.000000 0.701016 1.000000 1.000000 1.000000
1846.880127 0.000000 1666.821167 0.000000 0.000000 0.000000 1.000000 1.259534 1.259534 1.259534
643.719055 0.000000 3239.806885 0.000000 -0.901562 0.000000 -0.432650 1.000000 1.000000 1.000000
658.531067 0.000000 3223.197510 0.000000 0.000000 0.000000 1.000000 1.000000 1.000000 1.000000
"}
object={
	name="basalt rock 04"
	clamp_to_water_level=no
	render_under_water=yes
	generated_content=no
	layer="tree_high_layer"
	pdxmesh="rocks_basalt_04_mesh"
	count=2
	transform="309.785309 0.000000 3780.437500 0.000000 -0.335400 0.000000 0.942076 1.000000 1.000000 1.000000
633.532654 0.000000 3099.458008 0.000000 0.455525 0.000000 0.890223 1.000000 1.000000 1.000000
"}
object={
	name="basalt rock 05"
	clamp_to_water_level=no
	render_under_water=yes
	generated_content=no
	layer="tree_high_layer"
	pdxmesh="rocks_basalt_05_mesh"
	count=3
	transform="376.418579 0.000000 3815.102539 0.000000 -0.560260 0.000000 0.828317 1.000000 1.000000 1.000000
454.033112 0.000000 3884.586426 0.000000 -0.328120 0.000000 0.944636 1.000000 1.000000 1.000000
2301.451172 0.000000 2679.820068 0.000000 -0.365705 0.000000 0.930731 1.000000 1.000000 1.000000
"}
object={
	name="basalt rock 06"
	clamp_to_water_level=no
	render_under_water=yes
	generated_content=no
	layer="tree_high_layer"
	pdxmesh="rocks_basalt_06_mesh"
	count=6
	transform="317.046661 0.000000 3778.269531 0.000000 -0.464396 0.000000 0.885628 1.000000 1.000000 1.000000
374.573853 0.000000 3813.832764 0.000000 -0.863571 0.000000 0.504228 1.000000 1.000000 1.000000
663.745850 0.000000 3289.400879 0.000000 0.000000 0.000000 1.000000 1.000000 1.000000 1.000000
2298.925293 0.000000 2679.891113 0.000000 0.477496 0.000000 0.878634 1.000000 1.000000 1.000000
1739.343384 0.000000 2667.942871 0.000000 0.611955 0.000000 -0.790893 1.240772 1.240772 1.240772
2415.214844 0.000000 2354.697266 0.000000 0.626744 0.000000 0.779225 1.138892 1.138892 1.138892
"}
object={
	name="salt rock 01"
	clamp_to_water_level=no
	render_under_water=yes
	generated_content=no
	layer="tree_high_layer"
	pdxmesh="rock_salt_01_mesh"
	count=1
	transform="2599.553711 0.000000 1120.598267 0.000000 0.927995 0.000000 0.372592 0.587927 0.587927 0.587927
"}
object={
	name="salt rock 02"
	clamp_to_water_level=no
	render_under_water=yes
	generated_content=no
	layer="tree_high_layer"
	pdxmesh="rock_salt_02_mesh"
	count=1
	transform="2600.061523 0.000000 1116.909668 0.000000 0.482128 0.000000 0.876101 0.817920 0.817920 0.817920
"}
